0 0 
19480 6123 
30910 11314 
29564 14782 
16000 16000 
-4177 14782 
-22627 11314 
-31726 6123 
-27713 0 
-12246 -6123 
8282 -11314 
25387 -14782 
32000 -16000 
25387 -14782 
8282 -11314 
-12246 -6123 
-27713 0 
-31726 6123 
-22627 11314 
-4177 14782 
16000 16000 
29564 14782 
30910 11314 
19480 6123 
0 0 
-19480 -6123 
-30910 -11314 
-29564 -14782 
-16000 -16000 
4177 -14782 
22627 -11314 
31726 -6123 
27713 0 
12246 6123 
-8282 11314 
-25387 14782 
-32000 16000 
-25387 14782 
-8282 11314 
12246 6123 
27713 0 
31726 -6123 
22627 -11314 
4177 -14782 
-16000 -16000 
-29564 -14782 
-30910 -11314 
-19480 -6123 
0 0 
19480 6123 
30910 11314 
29564 14782 
16000 16000 
-4177 14782 
-22627 11314 
-31726 6123 
-27713 0 
-12246 -6123 
8282 -11314 
25387 -14782 
32000 -16000 
25387 -14782 
8282 -11314 
-12246 -6123 
-27713 0 
-31726 6123 
-22627 11314 
-4177 14782 
16000 16000 
29564 14782 
30910 11314 
19480 6123 
0 0 
-19480 -6123 
-30910 -11314 
-29564 -14782 
-16000 -16000 
4177 -14782 
22627 -11314 
31726 -6123 
27713 0 
12246 6123 
-8282 11314 
-25387 14782 
-32000 16000 
-25387 14782 
-8282 11314 
12246 6123 
27713 0 
31726 -6123 
22627 -11314 
4177 -14782 
-16000 -16000 
-29564 -14782 
-30910 -11314 
-19480 -6123 
0 0 
19480 6123 
30910 11314 
29564 14782 
16000 16000 
-4177 14782 
-22627 11314 
-31726 6123 
-27713 0 
-12246 -6123 
8282 -11314 
25387 -14782 
32000 -16000 
25387 -14782 
8282 -11314 
-12246 -6123 
-27713 0 
-31726 6123 
-22627 11314 
-4177 14782 
16000 16000 
29564 14782 
30910 11314 
19480 6123 
0 0 
-19480 -6123 
-30910 -11314 
-29564 -14782 
-16000 -16000 
4177 -14782 
22627 -11314 
31726 -6123 
27713 0 
12246 6123 
-8282 11314 
-25387 14782 
-32000 16000 
-25387 14782 
-8282 11314 
12246 6123 
27713 0 
31726 -6123 
22627 -11314 
4177 -14782 
-16000 -16000 
-29564 -14782 
-30910 -11314 
-19480 -6123 
0 0 
19480 6123 
30910 11314 
29564 14782 
16000 16000 
-4177 14782 
-22627 11314 
-31726 6123 
-27713 0 
-12246 -6123 
8282 -11314 
25387 -14782 
32000 -16000 
25387 -14782 
8282 -11314 
-12246 -6123 
-27713 0 
-31726 6123 
-22627 11314 
-4177 14782 
16000 16000 
29564 14782 
30910 11314 
19480 6123 
0 0 
-19480 -6123 
-30910 -11314 
-29564 -14782 
-16000 -16000 
4177 -14782 
22627 -11314 
31726 -6123 
27713 0 
12246 6123 
-8282 11314 
-25387 14782 
-32000 16000 
-25387 14782 
-8282 11314 
12246 6123 
27713 0 
31726 -6123 
22627 -11314 
4177 -14782 
-16000 -16000 
-29564 -14782 
-30910 -11314 
-19480 -6123 
0 0 
19480 6123 
30910 11314 
29564 14782 
16000 16000 
-4177 14782 
-22627 11314 
-31726 6123 
-27713 0 
-12246 -6123 
8282 -11314 
25387 -14782 
32000 -16000 
25387 -14782 
8282 -11314 
-12246 -6123 
-27713 0 
-31726 6123 
-22627 11314 
-4177 14782 
16000 16000 
29564 14782 
30910 11314 
19480 6123 
0 0 
-19480 -6123 
-30910 -11314 
-29564 -14782 
-16000 -16000 
4177 -14782 
22627 -11314 
31726 -6123 
27713 0 
12246 6123 
-8282 11314 
-25387 14782 
-32000 16000 
-25387 14782 
-8282 11314 
12246 6123 
27713 0 
31726 -6123 
22627 -11314 
4177 -14782 
-16000 -16000 
-29564 -14782 
-30910 -11314 
-19480 -6123 
0 0 
19480 6123 
30910 11314 
29564 14782 
16000 16000 
-4177 14782 
-22627 11314 
-31726 6123 
-27713 0 
-12246 -6123 
8282 -11314 
25387 -14782 
32000 -16000 
25387 -14782 
8282 -11314 
-12246 -6123 
-27713 0 
-31726 6123 
-22627 11314 
-4177 14782 
16000 16000 
29564 14782 
30910 11314 
19480 6123 
0 0 
-19480 -6123 
-30910 -11314 
-29564 -14782 
-16000 -16000 
4177 -14782 
22627 -11314 
31726 -6123 
27713 0 
12246 6123 
-8282 11314 
-25387 14782 
-32000 16000 
-25387 14782 
-8282 11314 
12246 6123 
27713 0 
31726 -6123 
22627 -11314 
4177 -14782 
-16000 -16000 
-29564 -14782 
-30910 -11314 
-19480 -6123 
0 0 
19480 6123 
30910 11314 
29564 14782 
16000 16000 
-4177 14782 
-22627 11314 
-31726 6123 
-27713 0 
-12246 -6123 
8282 -11314 
25387 -14782 
32000 -16000 
25387 -14782 
8282 -11314 
-12246 -6123 
-27713 0 
-31726 6123 
-22627 11314 
-4177 14782 
16000 16000 
29564 14782 
30910 11314 
19480 6123 
0 0 
-19480 -6123 
-30910 -11314 
-29564 -14782 
-16000 -16000 
4177 -14782 
22627 -11314 
31726 -6123 
27713 0 
12246 6123 
-8282 11314 
-25387 14782 
-32000 16000 
-25387 14782 
-8282 11314 
12246 6123 
27713 0 
31726 -6123 
22627 -11314 
4177 -14782 
-16000 -16000 
-29564 -14782 
-30910 -11314 
-19480 -6123 
0 0 
19480 6123 
30910 11314 
29564 14782 
16000 16000 
-4177 14782 
-22627 11314 
-31726 6123 
-27713 0 
-12246 -6123 
8282 -11314 
25387 -14782 
32000 -16000 
25387 -14782 
8282 -11314 
-12246 -6123 
-27713 0 
-31726 6123 
-22627 11314 
-4177 14782 
16000 16000 
29564 14782 
30910 11314 
19480 6123 
0 0 
-19480 -6123 
-30910 -11314 
-29564 -14782 
-16000 -16000 
4177 -14782 
22627 -11314 
31726 -6123 
27713 0 
12246 6123 
-8282 11314 
-25387 14782 
-32000 16000 
-25387 14782 
-8282 11314 
12246 6123 
27713 0 
31726 -6123 
22627 -11314 
4177 -14782 
-16000 -16000 
-29564 -14782 
-30910 -11314 
-19480 -6123 
0 0 
19480 6123 
30910 11314 
29564 14782 
16000 16000 
-4177 14782 
-22627 11314 
-31726 6123 
-27713 0 
-12246 -6123 
8282 -11314 
25387 -14782 
32000 -16000 
25387 -14782 
8282 -11314 
-12246 -6123 
-27713 0 
-31726 6123 
-22627 11314 
-4177 14782 
16000 16000 
29564 14782 
30910 11314 
19480 6123 
0 0 
-19480 -6123 
-30910 -11314 
-29564 -14782 
-16000 -16000 
4177 -14782 
22627 -11314 
31726 -6123 
27713 0 
12246 6123 
-8282 11314 
-25387 14782 
-32000 16000 
-25387 14782 
-8282 11314 
12246 6123 
27713 0 
31726 -6123 
22627 -11314 
4177 -14782 
-16000 -16000 
-29564 -14782 
-30910 -11314 
-19480 -6123 
0 0 
19480 6123 
30910 11314 
29564 14782 
16000 16000 
-4177 14782 
-22627 11314 
-31726 6123 
-27713 0 
-12246 -6123 
8282 -11314 
25387 -14782 
32000 -16000 
25387 -14782 
8282 -11314 
-12246 -6123 
-27713 0 
-31726 6123 
-22627 11314 
-4177 14782 
16000 16000 
29564 14782 
30910 11314 
19480 6123 
0 0 
-19480 -6123 
-30910 -11314 
-29564 -14782 
-16000 -16000 
4177 -14782 
22627 -11314 
31726 -6123 
27713 0 
12246 6123 
-8282 11314 
-25387 14782 
-32000 16000 
-25387 14782 
-8282 11314 
12246 6123 
27713 0 
31726 -6123 
22627 -11314 
4177 -14782 
-16000 -16000 
-29564 -14782 
-30910 -11314 
-19480 -6123 
